11111111111111111111111111111
12222222222222222222222222221
12000000000000000000000000021
12000000000000000000000000021
12000000000000000000000000021
12000000000000000000000000021
12000000000000000000000000021
12000000000000000000000000021
12000000000000000000000000021
12000000000000000000000000021
12000000000000000000000000021
12000000000000000000000000021
12000000000000000000000000021
12000000000000000000000000021
12000000000000000000000000021
12000000000000000000000000021
12000000000000000000000000021
12000000000000000000000000021
12000000000000000000000000021
12000000000000000000000000021
12000000000000000000000000021
12000000000000000000000000021
12000000000000000000000000021
12000000000000000000000000021
12000000000000000000000000021
12222222222222222222222222221
11111111111111111111111111111
